*SHOW ~ Dataset specifications.

*DATA BUFFER SIZE 17700

*NUMBER OF CHARACTERS 354

*MAXIMUM NUMBER OF STATES 33

*MAXIMUM NUMBER OF ITEMS 1370

*CHARACTER TYPES 1,TE 2,IN 4,TE 6-11,TE 13-15,TE 17-21,TE 23-27,TE 29,TE 31,IN
  33,TE 38-43,TE 45,IN 47-48,IN 49-50,RN 51-52,TE 72,TE 79,TE 96,TE 98,TE 103,TE
  116,IN 120,TE 123,TE 142,TE 148,TE 150-151,IN 152,TE 155-157,IN 161,IN 162,TE
  193,IN 200-201,TE 204-205,IN 208,IN 209,TE 213,TE 256,TE 268,IN 284,TE 290,IN
  314,TE 323-325,TE 335,TE

*NUMBERS OF STATES 3,18 5,3 16,3 22,3 28,10 30,3 32,5 36,8 37,33 53,3 55-56,3
  58,4 62,4 65,4 66-67,3 68,4 71,3 75,3 83,3 84,8 87,3 91-93,3 94,4 95,3 105,4
  106,3 112,6 113,5 114,10 119,5 122,6 124,3 126,4 128,3 132,4 135,4 140,6 146,4
  154,3 159,14 163,3 165,3 166,4 171,9 172,3 173,4 177,3 179,3 181,3 183,4 194,4
  195,3 206-207,5 210,3 211,4 214,3 230,4 231,3 232,4 246-247,3 250-251,3 254,6
  258,3 266,3 267,4 269,4 270,3 275,3 280-281,3 286,3 295,3 297,4 299,3 302,8
  307,4 317,5 318,3 320,4 322,8 327,3 328,4 330,11 331,5 332,9 333,3 334,18
  336,6 337,5 338,6 339,3 341,3 342,12 343,4 344,3 345,7 349,3 350,4 352,12
  353,6 354,9

*IMPLICIT VALUES 5,2 12,1 16,1 22,1 30,3 34,1 35,2 44,2 61,1 64,1 65,2 66-67,1
  73-78,1 80-81,1 82,2 86,1 88,1 89,2 97,2 99,1 101-102,1 107-109,1 111,1 115,1
  117-118,2 119,1 121,1 124-125,1 127,1 129,1 131,1 133,1 136-139,1 143-145,1
  147,2 153,2 160,1 163,1 167,2 169,2 172,1 175,1 176,2 178,1 180,2 182,2 184,2
  187-188,1 190-192,1 196,1 199,1 202-203,1 211-212,1 214,1 215,2 216-226,1
  229,1 230,4 231,1 234,1 236,1 238-240,1 244,1 247-250,1 252-255,1 257,1 259,2
  260-261,1 263-264,2 265,1 266,3 269-273,1 274,2 275-276,1 278-280,1 282-283,1
  285,2 287-289,1 292-295,1 296,2 300-301,1 303,1 305,1 309-313,1 315-316,1
  321,1 326,1 346,1 348,1

*DEPENDENT CHARACTERS 35,2:36:38 55,3:56 57,1:58:60 61,1:62 63,1:64-71 65,1:67
  73,1:74 80,2:81-87 86,1:87 88,2:89-95 90,1:91-92 97,2:98 99,1:100 109,1:110
  111,2:112-114 115,2:116:118-119:334 118,1:116 121,1:122 129,1:130 131,1:132
  149,2:150-151 158,1:159 163,2:165 168,2:174 170,2:171-173 174,2:175
  176,2:177-179 180,2:181 182,2:183 184,2:185-186 188,1:189 191,1:192:196:199
  192,1:194-195 196,1:197 203,1:204-207 210,1:211 216,1:217:219:247-248
  236,1:237 242,1:243 245,1:337 253,1:254 257,2:258-283 260,1:261
  274,1:275-276:278 279,1:281 285,2:286 287,1:288 289,1:290-291
  296,1:297:301:303 301,1:302 306,1:309-311 317,1:351 321,2:322

*MANDATORY CHARACTERS 4
